model_type: POLYFISHEYE
camera_topic: /multi/camera1/image_raw
image_width: 752
image_height: 480
projection_parameters:
   k2: 2.5829086040076023e-02
   k3: -5.0173384538585240e-02
   k4: 4.1720864960237175e-01
   k5: -5.8337073771442838e-01
   k6: 3.8008695876415599e-01
   k7: -9.0424940813049554e-02
   A11: 1.7611236914068846e+02
   A12: -9.0779265581939911e-02
   A22: 1.7622605276392187e+02
   u0: 3.9802117635746436e+02
   v0: 2.2294429412032616e+02

pinhole_image_width: 376
pinhole_image_height: 480

fisheye_camera_T: [-0.0074, 0.0086, -0.9999, -0.1341602,
                  0.0145, 0.9999, 0.0085, 0.0017821,
                  0.9999 , -0.0145 , 1, 0.0020959]

                  -0.0074    0.0086   -0.9999
    0.0145    0.9999    0.0085
    0.9999   -0.0145   -0.0075